D matrix : 
[[ 0.7873  0.      0.      0.      0.      0.      0.      0.      0.      0.      0.      0.      0.      0.      0.    ]
 [ 0.      0.7576  0.      0.      0.      0.      0.      0.      0.      0.      0.      0.      0.      0.      0.    ]
 [ 0.      0.      0.9063  0.      0.      0.      0.      0.      0.      0.      0.      0.      0.      0.      0.    ]
 [ 0.      0.      0.      0.7655  0.      0.      0.      0.      0.      0.      0.      0.      0.      0.      0.    ]
 [ 0.      0.      0.      0.      0.7862  0.      0.      0.      0.      0.      0.      0.      0.      0.      0.    ]
 [ 0.      0.      0.      0.      0.      0.8958  0.      0.      0.      0.      0.      0.      0.      0.      0.    ]
 [ 0.      0.      0.      0.      0.      0.      0.7416  0.      0.      0.      0.      0.      0.      0.      0.    ]
 [ 0.      0.      0.      0.      0.      0.      0.      0.638   0.      0.      0.      0.      0.      0.      0.    ]
 [ 0.      0.      0.      0.      0.      0.      0.      0.      0.638   0.      0.      0.      0.      0.      0.    ]
 [ 0.      0.      0.      0.      0.      0.      0.      0.      0.      0.9932  0.      0.      0.      0.      0.    ]
 [ 0.      0.      0.      0.      0.      0.      0.      0.      0.      0.      0.777   0.      0.      0.      0.    ]
 [ 0.      0.      0.      0.      0.      0.      0.      0.      0.      0.      0.      0.9991  0.      0.      0.    ]
 [ 0.      0.      0.      0.      0.      0.      0.      0.      0.      0.      0.      0.      0.9613  0.      0.    ]
 [ 0.      0.      0.      0.      0.      0.      0.      0.      0.      0.      0.      0.      0.      0.9347  0.    ]
 [ 0.      0.      0.      0.      0.      0.      0.      0.      0.      0.      0.      0.      0.      0.      0.7862]]

K matrix : 
[[ 1.      0.0002  0.      0.0067  0.6065  0.      0.      0.      0.      0.      0.      0.      0.      0.      0.    ]
 [ 0.0002  1.      0.1353  0.6065  0.0003  0.      0.      0.      0.      0.      0.      0.      0.      0.      0.    ]
 [ 0.      0.1353  1.      0.0821  0.      0.      0.      0.      0.      0.      0.      0.      0.      0.      0.    ]
 [ 0.0067  0.6065  0.0821  1.      0.0111  0.      0.      0.      0.      0.      0.      0.      0.      0.      0.    ]
 [ 0.6065  0.0003  0.      0.0111  1.      0.      0.      0.      0.      0.      0.      0.      0.      0.      0.    ]
 [ 0.      0.      0.      0.      0.      1.      0.0821  0.0821  0.0821  0.      0.      0.      0.      0.      0.    ]
 [ 0.      0.      0.      0.      0.      0.0821  1.      0.3679  0.3679  0.0003  0.      0.      0.      0.      0.    ]
 [ 0.      0.      0.      0.      0.      0.0821  0.3679  1.      1.      0.0067  0.      0.      0.      0.      0.    ]
 [ 0.      0.      0.      0.      0.      0.0821  0.3679  1.      1.      0.0067  0.      0.      0.      0.      0.    ]
 [ 0.      0.      0.      0.      0.      0.      0.0003  0.0067  0.0067  1.      0.      0.      0.      0.      0.    ]

 [ 0.      0.      0.      0.      0.      0.      0.      0.      0.      0.      1.      0.0002  0.      0.0498  0.6065]

 [ 0.      0.      0.      0.      0.      0.      0.      0.      0.      0.      0.0002  1.      0.      0.0015  0.    ]
 [ 0.      0.      0.      0.      0.      0.      0.      0.      0.      0.      0.      0.      1.      0.0821  0.    ]
 [ 0.      0.      0.      0.      0.      0.      0.      0.      0.      0.      0.0498  0.0015  0.0821  1.      0.0111]
 [ 0.      0.      0.      0.      0.      0.      0.      0.      0.      0.      0.6065  0.      0.      0.0111  1.    ]]


y_tilde
[[ 0.6667  0.6667  0.6667  0.6667  0.6667 -0.3333 -0.3333 -0.3333 -0.3333 -0.3333 -0.3333 -0.3333 -0.3333 -0.3333 -0.3333]
 [ 0.6667  0.6667  0.6667  0.6667  0.6667 -0.3333 -0.3333 -0.3333 -0.3333 -0.3333 -0.3333 -0.3333 -0.3333 -0.3333 -0.3333]
 [ 0.6667  0.6667  0.6667  0.6667  0.6667 -0.3333 -0.3333 -0.3333 -0.3333 -0.3333 -0.3333 -0.3333 -0.3333 -0.3333 -0.3333]
 [ 0.6667  0.6667  0.6667  0.6667  0.6667 -0.3333 -0.3333 -0.3333 -0.3333 -0.3333 -0.3333 -0.3333 -0.3333 -0.3333 -0.3333]
 [ 0.6667  0.6667  0.6667  0.6667  0.6667 -0.3333 -0.3333 -0.3333 -0.3333 -0.3333 -0.3333 -0.3333 -0.3333 -0.3333 -0.3333]
 [-0.3333 -0.3333 -0.3333 -0.3333 -0.3333  0.6667  0.6667  0.6667  0.6667  0.6667 -0.3333 -0.3333 -0.3333 -0.3333 -0.3333]
 [-0.3333 -0.3333 -0.3333 -0.3333 -0.3333  0.6667  0.6667  0.6667  0.6667  0.6667 -0.3333 -0.3333 -0.3333 -0.3333 -0.3333]
 [-0.3333 -0.3333 -0.3333 -0.3333 -0.3333  0.6667  0.6667  0.6667  0.6667  0.6667 -0.3333 -0.3333 -0.3333 -0.3333 -0.3333]
 [-0.3333 -0.3333 -0.3333 -0.3333 -0.3333  0.6667  0.6667  0.6667  0.6667  0.6667 -0.3333 -0.3333 -0.3333 -0.3333 -0.3333]
 [-0.3333 -0.3333 -0.3333 -0.3333 -0.3333  0.6667  0.6667  0.6667  0.6667  0.6667 -0.3333 -0.3333 -0.3333 -0.3333 -0.3333]
 [-0.3333 -0.3333 -0.3333 -0.3333 -0.3333 -0.3333 -0.3333 -0.3333 -0.3333 -0.3333  0.6667  0.6667  0.6667  0.6667  0.6667]
 [-0.3333 -0.3333 -0.3333 -0.3333 -0.3333 -0.3333 -0.3333 -0.3333 -0.3333 -0.3333  0.6667  0.6667  0.6667  0.6667  0.6667]
 [-0.3333 -0.3333 -0.3333 -0.3333 -0.3333 -0.3333 -0.3333 -0.3333 -0.3333 -0.3333  0.6667  0.6667  0.6667  0.6667  0.6667]
 [-0.3333 -0.3333 -0.3333 -0.3333 -0.3333 -0.3333 -0.3333 -0.3333 -0.3333 -0.3333  0.6667  0.6667  0.6667  0.6667  0.6667]
 [-0.3333 -0.3333 -0.3333 -0.3333 -0.3333 -0.3333 -0.3333 -0.3333 -0.3333 -0.3333  0.6667  0.6667  0.6667  0.6667  0.6667]]

